
Seed: 301845
Step:  Position: 
1 -1.000000
2 0.000000
3 -1.000000
4 0.000000
5 -1.000000
6 -2.000000
7 -1.000000
8 -2.000000
9 -3.000000
10 -2.000000
11 -1.000000
12 -2.000000
13 -1.000000
14 0.000000
15 -1.000000
16 -2.000000
17 -3.000000
18 -4.000000
19 -5.000000
20 -6.000000
21 -7.000000
22 -8.000000
23 -7.000000
24 -8.000000
25 -9.000000
26 -8.000000
27 -7.000000
28 -8.000000
29 -7.000000
30 -8.000000
31 -7.000000
32 -6.000000
33 -7.000000
34 -8.000000
35 -9.000000
36 -8.000000
37 -9.000000
38 -10.000000
39 -9.000000
40 -10.000000
41 -9.000000
42 -8.000000
43 -7.000000
44 -8.000000
45 -7.000000
46 -8.000000
47 -9.000000
48 -8.000000
49 -9.000000
50 -8.000000
51 -9.000000
52 -10.000000
53 -9.000000
54 -8.000000
55 -7.000000
56 -8.000000
57 -7.000000
58 -8.000000
59 -9.000000
60 -10.000000
61 -9.000000
62 -10.000000
63 -11.000000
64 -10.000000
65 -11.000000
66 -12.000000
67 -13.000000
68 -12.000000
69 -13.000000
70 -14.000000
71 -15.000000
72 -16.000000
73 -15.000000
74 -16.000000
75 -17.000000
76 -18.000000
77 -19.000000
78 -18.000000
79 -19.000000
80 -18.000000
81 -19.000000
82 -20.000000
83 -19.000000
84 -20.000000
85 -21.000000
86 -20.000000
87 -19.000000
88 -18.000000
89 -17.000000
90 -16.000000
91 -17.000000
92 -18.000000
93 -19.000000
94 -20.000000
95 -19.000000
96 -18.000000
97 -17.000000
98 -18.000000
99 -17.000000
100 -18.000000
101 -19.000000
102 -20.000000
103 -21.000000
104 -22.000000
105 -23.000000
106 -24.000000
107 -25.000000
108 -24.000000
109 -25.000000
110 -26.000000
111 -27.000000
112 -28.000000
113 -27.000000
114 -28.000000
115 -27.000000
116 -28.000000
117 -27.000000
118 -28.000000
119 -27.000000
120 -28.000000
121 -29.000000
122 -30.000000
123 -29.000000
124 -30.000000
125 -31.000000
126 -32.000000
127 -33.000000
128 -34.000000
129 -33.000000
130 -32.000000
131 -33.000000
132 -34.000000
133 -35.000000
134 -36.000000
135 -37.000000
136 -38.000000
137 -37.000000
138 -38.000000
139 -39.000000
140 -38.000000
141 -37.000000
142 -38.000000
143 -39.000000
144 -38.000000
145 -39.000000
146 -38.000000
147 -37.000000
148 -38.000000
149 -37.000000
150 -36.000000
151 -37.000000
152 -38.000000
153 -37.000000
154 -36.000000
155 -37.000000
156 -38.000000
157 -39.000000
158 -38.000000
159 -39.000000
160 -40.000000
161 -39.000000
162 -38.000000
163 -39.000000
164 -38.000000
165 -37.000000
166 -38.000000
167 -37.000000
168 -36.000000
169 -35.000000
170 -36.000000
171 -37.000000
172 -36.000000
173 -37.000000
174 -36.000000
175 -37.000000
176 -36.000000
177 -37.000000
178 -38.000000
179 -37.000000
180 -38.000000
181 -37.000000
182 -38.000000
183 -39.000000
184 -40.000000
185 -41.000000
186 -40.000000
187 -39.000000
188 -40.000000
189 -41.000000
190 -42.000000
191 -41.000000
192 -42.000000
193 -41.000000
194 -40.000000
195 -39.000000
196 -38.000000
197 -39.000000
198 -38.000000
199 -39.000000
200 -40.000000
201 -39.000000
202 -40.000000
203 -39.000000
204 -38.000000
205 -39.000000
206 -40.000000
207 -39.000000
208 -40.000000
209 -41.000000
210 -42.000000
211 -41.000000
212 -40.000000
213 -39.000000
214 -40.000000
215 -41.000000
216 -40.000000
217 -39.000000
218 -40.000000
219 -41.000000
220 -42.000000
221 -43.000000
222 -42.000000
223 -43.000000
224 -44.000000
225 -45.000000
226 -46.000000
227 -45.000000
228 -44.000000
229 -43.000000
230 -42.000000
231 -41.000000
232 -42.000000
233 -43.000000
234 -44.000000
235 -45.000000
236 -46.000000
237 -45.000000
238 -44.000000
239 -43.000000
240 -42.000000
241 -43.000000
242 -42.000000
243 -41.000000
244 -40.000000
245 -39.000000
246 -40.000000
247 -41.000000
248 -40.000000
249 -39.000000
250 -40.000000
251 -39.000000
252 -38.000000
253 -39.000000
254 -40.000000
255 -39.000000
256 -38.000000
257 -37.000000
258 -36.000000
259 -37.000000
260 -38.000000
261 -39.000000
262 -38.000000
263 -37.000000
264 -38.000000
265 -39.000000
266 -40.000000
267 -39.000000
268 -38.000000
269 -37.000000
270 -36.000000
271 -35.000000
272 -36.000000
273 -37.000000
274 -36.000000
275 -35.000000
276 -34.000000
277 -33.000000
278 -34.000000
279 -35.000000
280 -36.000000
281 -35.000000
282 -36.000000
283 -37.000000
284 -36.000000
285 -35.000000
286 -36.000000
287 -37.000000
288 -38.000000
289 -37.000000
290 -36.000000
291 -35.000000
292 -36.000000
293 -37.000000
294 -38.000000
295 -37.000000
296 -38.000000
297 -39.000000
298 -40.000000
299 -41.000000
300 -42.000000
301 -41.000000
302 -40.000000
303 -41.000000
304 -42.000000
305 -43.000000
306 -44.000000
307 -43.000000
308 -44.000000
309 -43.000000
310 -44.000000
311 -45.000000
312 -46.000000
313 -47.000000
314 -46.000000
315 -47.000000
316 -46.000000
317 -45.000000
318 -44.000000
319 -45.000000
320 -44.000000
321 -45.000000
322 -44.000000
323 -43.000000
324 -44.000000
325 -43.000000
326 -44.000000
327 -43.000000
328 -44.000000
329 -43.000000
330 -42.000000
331 -41.000000
332 -40.000000
333 -41.000000
334 -40.000000
335 -39.000000
336 -40.000000
337 -41.000000
338 -42.000000
339 -41.000000
340 -40.000000
341 -41.000000
342 -40.000000
343 -41.000000
344 -40.000000
345 -41.000000
346 -42.000000
347 -41.000000
348 -42.000000
349 -41.000000
350 -40.000000
351 -39.000000
352 -38.000000
353 -37.000000
354 -36.000000
355 -35.000000
356 -34.000000
357 -33.000000
358 -34.000000
359 -33.000000
360 -32.000000
361 -31.000000
362 -32.000000
363 -33.000000
364 -34.000000
365 -35.000000
366 -34.000000
367 -33.000000
368 -32.000000
369 -33.000000
370 -34.000000
371 -35.000000
372 -34.000000
373 -35.000000
374 -34.000000
375 -35.000000
376 -34.000000
377 -33.000000
378 -34.000000
379 -33.000000
380 -34.000000
381 -35.000000
382 -34.000000
383 -35.000000
384 -34.000000
385 -35.000000
386 -36.000000
387 -37.000000
388 -38.000000
389 -37.000000
390 -38.000000
391 -37.000000
392 -36.000000
393 -35.000000
394 -36.000000
395 -35.000000
396 -36.000000
397 -35.000000
398 -34.000000
399 -33.000000
400 -34.000000